100 100 666
26 43 36 8 41 48 25 38 28 45 24 5 29 49 47 50 28 32 2 50 43 45 18 48 4 21 4 47 32 1 10 9 24 23 19 5 34 22 40 18 36 35 43 25 42 49 1 17 12 17 38 41 10 33 28 28 4 11 32 16 13 17 37 2 14 43 30 47 28 37 49 31 19 12 43 18 46 34 9 15 25 43 19 19 1 8 15 21 15 24 11 2 34 39 11 21 1 27 45 20 
44 39 44 5 1 2 18 36 7 8 32 16 39 25 48 17 48 26 37 13 7 36 25 5 3 40 3 6 17 20 33 12 14 28 29 18 28 9 37 47 19 26 21 23 14 26 17 29 23 44 34 20 37 23 9 9 19 39 4 31 38 29 26 29 8 7 9 6 27 24 18 36 15 46 11 48 44 36 37 23 28 25 40 20 23 31 1 14 36 18 29 38 45 7 41 42 49 13 19 2 
39 50 11 7 17 6 46 46 27 3 28 6 45 46 37 7 18 10 20 14 32 2 32 9 2 38 29 41 21 5 37 41 6 6 34 38 11 7 21 33 23 29 22 4 25 50 36 25 8 38 4 28 10 29 5 8 47 28 23 20 30 43 12 47 32 1 33 19 24 1 26 4 9 23 36 5 6 22 2 8 20 42 11 23 11 50 38 15 12 13 8 4 50 28 11 1 20 31 28 17 
6 17 42 7 6 43 20 49 23 34 41 43 2 19 10 25 20 17 39 12 1 8 9 50 29 6 9 32 27 34 50 19 29 47 6 24 34 19 34 15 13 24 7 15 32 16 29 22 25 15 1 27 25 40 28 28 21 8 41 25 38 42 15 33 23 4 31 24 45 8 28 18 41 27 31 41 28 45 47 48 4 1 33 34 40 10 12 33 2 16 27 25 15 2 28 27 38 46 8 3 
35 14 10 28 19 6 43 31 24 18 22 32 10 14 15 28 15 18 32 48 28 27 40 18 16 45 43 37 1 35 6 39 22 30 39 48 28 37 17 10 17 26 33 5 14 7 4 6 25 16 13 16 36 8 15 28 3 44 34 45 31 3 4 20 48 25 22 30 30 42 18 45 10 32 47 38 49 16 11 13 6 21 2 24 49 41 1 45 7 22 18 20 2 27 49 49 23 45 31 21 
39 19 33 7 6 30 8 49 22 39 25 32 16 11 18 47 13 42 48 22 41 2 5 36 50 3 25 38 13 48 41 26 14 14 33 32 9 36 33 37 41 2 27 8 6 47 48 47 22 49 23 17 37 14 47 11 42 1 32 23 15 2 29 40 34 37 40 45 17 36 32 9 21 2 18 39 38 2 24 46 49 14 47 26 46 37 5 29 11 37 15 18 7 38 14 3 25 40 44 11 
23 2 2 45 35 5 25 40 46 3 38 48 33 39 23 31 41 29 9 18 6 42 3 48 11 38 42 26 14 31 20 46 24 7 41 8 36 11 5 32 47 11 37 19 1 12 24 12 12 45 3 40 5 49 25 50 9 18 47 10 50 24 27 26 38 8 39 37 19 27 17 6 5 20 41 18 47 43 15 42 14 35 18 21 17 46 9 14 48 41 31 26 6 21 27 43 10 33 47 27 
1 29 1 40 13 49 1 24 25 40 49 22 6 26 17 26 5 10 38 39 19 16 4 6 32 44 7 5 28 15 13 47 18 25 15 10 3 28 26 20 40 41 34 32 42 1 45 4 19 35 5 47 16 12 6 34 17 2 25 14 39 49 34 41 49 14 46 43 31 13 24 31 16 1 34 8 28 46 31 50 41 13 17 26 19 28 10 18 10 47 38 1 27 26 9 32 29 23 33 19 
35 17 28 43 17 41 18 17 18 46 38 15 37 4 17 46 30 40 25 37 13 42 40 30 4 18 21 22 15 10 26 9 27 48 5 18 19 20 18 42 43 36 14 39 2 1 1 14 42 26 46 32 24 47 12 34 14 9 27 42 10 8 1 1 14 34 19 11 36 17 33 5 46 7 19 15 43 22 47 8 18 36 41 49 42 17 43 17 1 10 21 47 5 6 41 1 44 3 22 31 
46 18 15 2 48 37 5 20 9 40 1 41 4 29 15 24 4 46 13 19 37 31 25 48 12 28 12 15 44 38 17 18 47 36 28 42 27 49 32 43 37 39 33 50 50 5 44 28 36 28 19 19 32 47 37 29 12 10 19 31 25 30 22 8 36 36 12 29 42 24 41 9 49 42 39 46 44 2 44 18 42 28 16 22 2 44 37 44 45 38 46 21 36 49 11 9 7 18 40 3 
7 37 9 37 32 28 29 34 20 1 20 19 34 10 3 39 5 24 32 12 21 5 25 8 33 35 34 21 48 3 37 34 50 1 4 2 39 2 7 13 3 17 48 50 41 8 12 27 43 46 13 38 27 16 40 41 32 23 16 4 4 5 14 10 31 27 5 16 27 41 13 41 34 5 16 22 13 3 33 48 35 40 2 22 36 23 43 9 41 24 37 29 42 21 50 1 28 44 10 23 
37 40 21 36 48 1 40 2 47 25 34 36 46 18 25 34 41 25 7 35 2 47 47 13 10 14 10 48 31 36 19 8 12 12 3 8 40 45 12 20 25 47 30 38 39 21 29 10 36 13 41 46 16 15 44 37 7 37 26 40 27 30 46 45 45 2 8 16 20 23 41 30 9 7 22 8 31 22 16 17 46 6 38 44 37 15 8 45 46 26 16 38 37 5 48 23 40 3 44 47 
26 31 21 17 32 40 49 13 2 29 35 42 49 26 27 49 2 43 41 12 12 40 10 16 31 1 17 1 4 31 14 8 29 23 11 45 29 31 28 17 16 37 38 16 41 8 22 21 1 36 14 8 42 47 40 42 36 34 18 45 26 4 26 36 40 14 19 24 6 21 25 48 26 23 35 31 31 26 42 50 36 41 35 19 35 26 24 37 5 19 3 13 29 13 24 47 15 24 26 29 
9 41 8 21 45 36 15 40 12 30 8 19 9 11 11 25 6 7 43 25 48 22 30 36 22 10 16 50 46 1 12 20 25 49 11 27 1 39 42 24 15 27 3 41 2 47 6 38 50 38 5 20 8 6 33 20 21 33 20 42 50 5 26 41 14 43 10 18 35 12 36 4 46 46 35 15 28 9 21 50 2 40 20 45 22 16 4 35 46 30 30 15 49 21 1 9 33 19 21 14 
2 43 35 19 46 43 25 11 45 13 11 37 25 7 31 44 21 44 31 30 30 49 31 32 13 6 39 30 20 10 37 20 42 12 49 47 34 38 35 38 13 3 15 33 43 17 9 22 4 5 45 31 45 26 49 6 35 2 42 32 4 13 22 43 11 15 29 7 30 44 7 22 4 49 3 35 2 20 47 13 21 15 33 34 33 49 9 15 11 19 21 22 17 28 12 42 11 48 38 48 
36 42 39 19 47 50 24 20 38 4 27 31 39 50 8 45 35 10 8 50 16 34 17 8 41 21 23 29 42 6 21 27 39 34 2 26 22 15 42 27 31 28 20 43 26 33 17 7 29 19 23 12 12 20 45 17 39 45 49 6 35 27 25 22 22 5 42 23 18 26 3 29 27 35 49 38 29 28 20 35 40 50 44 47 50 23 11 39 14 7 20 32 38 45 4 30 45 10 17 44 
38 35 32 24 16 39 43 25 24 26 22 39 28 46 20 2 5 47 33 30 44 48 7 39 47 27 22 40 6 36 17 41 10 26 43 6 48 28 18 34 17 8 49 48 5 16 39 37 2 16 31 27 23 19 16 13 11 20 10 34 5 22 9 31 24 41 17 49 27 4 31 24 6 14 34 30 29 18 23 25 2 37 20 29 26 41 42 41 37 47 33 14 28 45 32 49 15 46 4 17 
44 50 19 13 44 38 28 13 18 40 28 28 15 43 13 29 27 31 46 50 24 1 13 5 26 28 7 2 3 50 32 20 49 13 29 31 41 40 23 34 42 46 18 8 30 9 6 27 23 31 36 11 24 30 48 20 36 24 18 34 38 4 43 17 13 34 8 21 46 9 1 22 33 31 37 39 23 41 29 36 10 34 19 49 36 12 35 8 46 18 5 50 41 13 23 6 2 43 47 41 
16 38 43 31 32 42 34 34 35 27 35 22 16 7 32 31 28 45 30 25 36 44 13 35 11 15 33 30 19 12 25 29 30 21 17 9 41 12 35 5 18 29 20 33 48 26 20 14 31 33 7 1 34 10 29 15 19 9 49 19 43 3 3 5 1 13 27 33 42 43 48 17 14 27 31 50 29 24 22 45 13 34 35 30 23 27 26 37 40 34 6 6 10 15 2 29 34 46 41 14 
41 29 6 17 32 1 24 13 40 15 30 42 39 46 47 40 29 1 43 43 8 25 3 10 33 6 30 15 38 39 20 43 28 28 37 32 8 23 8 33 14 13 24 27 8 32 18 47 27 17 29 50 32 15 23 24 29 22 43 20 9 12 33 35 43 10 34 9 35 21 23 29 28 4 47 35 15 16 2 15 22 34 24 6 2 34 1 3 46 37 14 13 13 15 37 27 9 20 7 11 
27 30 36 17 29 43 30 4 38 35 3 20 34 36 40 41 25 27 40 9 33 3 9 16 33 45 9 36 30 16 22 29 7 5 17 16 10 32 36 45 5 32 38 15 26 17 50 50 40 23 26 29 1 43 32 50 24 25 19 19 24 3 6 44 10 13 1 7 18 7 37 5 33 12 10 29 12 17 10 26 3 8 34 43 1 42 26 16 37 17 45 14 47 27 31 26 32 37 45 8 
13 44 24 8 17 10 23 9 17 4 7 15 1 44 14 17 35 37 49 45 3 27 39 19 44 24 32 17 26 35 31 13 22 22 38 48 45 39 8 12 42 17 43 31 36 11 46 17 4 9 19 4 34 50 24 39 30 35 25 36 38 33 7 20 47 7 50 33 36 45 33 32 27 13 24 17 2 6 6 34 36 16 39 24 50 28 44 6 46 49 22 46 25 16 32 33 4 38 2 33 
36 37 22 22 6 19 39 42 41 43 35 31 12 47 23 5 22 25 19 50 49 19 40 14 47 48 46 21 8 18 50 17 23 34 42 46 3 39 38 38 23 10 42 48 26 5 48 16 11 22 43 8 6 38 46 49 22 36 10 2 18 17 11 47 49 47 40 46 22 22 11 14 33 1 44 7 36 44 23 43 27 38 3 17 44 11 37 32 35 40 17 6 9 38 28 19 3 5 22 32 
38 19 20 40 48 7 48 19 40 44 21 49 36 8 15 17 7 30 34 14 34 21 50 40 30 49 47 2 22 10 36 40 12 30 39 45 48 3 39 50 36 9 14 46 42 30 19 19 31 19 8 10 7 35 10 29 50 8 2 26 24 17 11 31 2 13 39 46 17 1 25 28 4 40 39 25 19 7 14 34 43 28 22 44 21 43 27 18 6 34 14 15 24 21 11 24 46 34 31 27 
9 24 2 1 22 14 15 38 3 4 3 33 29 16 44 42 21 13 20 1 12 34 49 30 14 37 33 15 33 4 7 11 27 14 13 44 42 36 2 14 5 47 5 48 42 3 1 14 33 17 24 7 22 49 33 43 12 40 6 47 25 11 31 2 2 8 17 14 32 30 43 22 40 43 32 48 25 3 21 12 19 41 41 29 19 39 28 25 2 35 41 13 28 34 35 5 45 34 24 21 
27 10 44 6 23 30 37 30 35 49 44 18 11 11 18 32 31 15 12 42 38 14 33 10 36 31 40 44 38 29 42 23 41 46 7 41 37 5 43 40 25 8 9 30 4 13 34 41 28 4 11 16 17 8 39 6 33 48 16 1 14 31 41 26 1 8 43 28 27 3 25 11 31 9 23 8 21 48 37 30 23 11 15 14 21 30 36 25 18 12 50 2 1 1 9 35 8 16 8 40 
22 38 41 38 19 49 7 25 12 25 22 15 22 29 47 8 33 11 27 14 50 1 41 5 30 4 15 48 24 24 24 22 28 45 22 50 5 8 21 21 34 36 38 11 48 50 50 3 4 47 45 19 21 43 30 44 38 4 6 36 37 21 44 26 6 38 39 27 15 43 8 14 47 9 49 32 47 3 28 26 49 46 41 38 1 12 4 38 23 6 45 15 41 13 31 16 39 9 4 2 
48 8 7 13 37 49 46 29 8 41 48 29 38 16 8 4 45 48 42 25 39 7 50 38 31 37 22 7 47 36 36 10 10 48 12 7 31 49 31 46 45 1 16 47 4 41 1 33 13 18 29 20 10 3 49 37 25 39 14 46 28 3 43 28 49 31 28 16 3 9 42 22 23 38 43 46 11 42 48 19 23 47 42 1 5 43 40 50 34 22 13 45 39 48 50 2 23 26 35 19 
12 10 8 3 9 27 48 4 29 25 1 11 38 5 36 10 35 41 34 30 46 27 27 50 14 23 16 44 7 49 28 50 23 5 41 10 42 24 31 26 39 23 36 35 23 3 24 32 34 42 18 18 47 49 7 34 13 21 49 7 30 29 25 36 17 14 10 7 33 26 14 38 16 47 15 32 3 1 45 40 12 49 16 45 19 2 37 49 42 21 31 44 16 23 9 34 1 4 7 43 
44 5 6 30 41 27 39 32 44 30 40 21 30 4 35 46 28 39 44 15 7 33 48 28 1 26 5 22 3 16 18 47 26 24 1 24 2 28 17 35 35 21 15 45 16 38 48 11 45 28 12 35 11 23 26 6 43 43 48 41 30 1 17 16 49 11 10 23 12 8 40 45 25 40 45 49 17 44 49 4 12 47 18 32 26 39 31 47 29 8 4 10 2 17 49 10 6 9 29 32 
25 27 31 1 19 15 37 32 7 26 40 50 40 50 23 49 2 16 38 11 34 28 41 39 20 5 8 39 43 23 22 28 39 22 28 48 6 11 48 24 3 29 21 23 44 43 18 37 47 26 5 8 28 45 46 48 35 19 50 12 29 42 29 34 37 17 39 43 48 41 46 9 9 9 19 34 5 28 9 40 18 40 7 3 40 42 35 45 10 12 46 17 41 2 35 10 37 46 27 8 
11 17 47 36 31 23 4 27 20 36 34 43 15 22 34 47 32 46 40 37 10 24 33 20 20 36 41 17 34 2 30 13 14 3 23 49 46 6 45 48 44 12 22 6 9 22 11 41 43 48 22 28 18 9 20 28 9 3 14 13 23 28 48 36 37 18 22 11 41 50 14 8 48 6 7 34 38 21 45 18 24 47 42 10 25 27 13 40 33 38 27 13 45 20 17 1 38 26 47 31 
12 29 32 30 13 4 33 49 30 31 36 48 48 30 29 32 48 4 21 26 47 50 22 35 41 32 6 27 34 8 20 3 38 14 25 18 24 35 35 28 18 36 13 3 43 1 39 9 43 33 20 48 38 45 16 42 2 44 48 4 29 25 9 18 2 17 5 26 22 33 30 43 49 34 50 32 12 43 26 34 15 10 17 1 9 7 29 10 41 26 4 14 50 32 26 47 10 11 12 20 
43 13 8 23 1 2 46 32 2 27 16 39 39 13 38 17 44 47 40 3 35 44 40 45 13 15 6 12 2 37 25 40 6 34 42 41 43 34 15 20 16 21 22 30 8 25 17 23 43 34 38 28 39 5 13 42 6 32 7 31 27 11 37 43 35 16 1 31 27 45 11 16 17 6 44 15 19 15 19 31 15 41 33 4 9 31 6 34 28 37 38 26 44 33 13 11 18 30 49 11 
37 36 10 9 13 32 33 50 22 30 4 32 20 5 19 38 15 8 50 4 35 10 21 14 39 23 42 15 3 15 10 33 27 50 25 9 12 5 2 50 10 47 18 11 38 42 22 8 37 19 34 20 24 42 35 23 48 33 33 46 48 5 38 10 9 50 12 11 30 17 6 3 39 16 28 32 11 32 35 50 24 16 13 30 32 6 36 47 8 16 13 19 17 45 22 15 25 4 9 44 
1 50 41 29 38 31 45 14 36 37 11 43 17 44 4 13 6 11 23 38 2 4 36 24 37 38 48 5 7 24 30 48 36 1 14 39 33 29 28 47 47 10 4 36 47 9 4 24 21 48 23 42 29 21 38 16 49 16 35 13 2 16 18 1 40 49 36 22 2 45 27 25 3 29 3 3 33 2 7 47 20 12 13 28 31 41 45 45 19 24 41 3 24 26 48 40 17 21 42 46 
27 36 42 24 42 29 40 9 33 38 45 10 19 36 14 35 34 34 15 35 10 49 4 20 13 16 22 18 34 11 20 49 26 49 12 16 15 49 7 48 31 24 4 49 47 35 47 11 36 44 40 40 41 20 38 11 5 48 10 31 46 9 17 3 17 13 35 20 7 33 27 33 3 14 22 43 43 25 18 45 29 12 49 11 6 29 47 35 7 20 45 46 36 12 28 19 27 47 39 24 
20 40 2 36 38 29 19 28 37 47 25 28 39 39 26 8 6 42 40 33 48 10 36 2 21 45 35 30 11 31 17 3 12 5 41 26 44 26 37 4 25 46 34 35 13 42 15 42 16 27 14 22 25 9 42 29 47 39 43 39 5 5 50 16 44 12 21 24 44 48 6 6 28 24 48 12 21 41 44 13 11 42 13 29 16 7 43 41 31 40 7 31 1 37 47 40 7 27 5 49 
22 2 35 10 24 45 2 39 26 8 12 46 43 13 22 34 21 8 40 40 38 41 33 6 28 4 30 9 48 49 18 9 39 14 24 32 1 20 23 36 10 34 12 12 19 21 26 3 40 37 43 7 29 33 13 5 21 19 6 11 24 20 48 17 20 43 32 25 3 1 44 37 37 46 34 40 31 31 34 40 24 31 16 26 22 21 49 40 21 14 9 11 19 14 15 9 8 4 50 30 
15 1 49 19 34 8 15 38 6 5 9 16 23 16 19 11 14 16 4 35 34 8 40 9 44 39 41 18 24 38 28 50 22 25 9 9 8 45 37 37 5 49 14 49 10 20 40 16 35 27 19 48 42 27 31 21 42 14 5 18 32 31 9 13 13 39 1 2 37 34 21 22 21 24 19 50 31 22 12 6 24 49 43 7 37 22 25 37 5 37 11 15 9 43 38 5 23 12 43 42 
32 45 45 12 33 46 49 46 22 5 13 20 6 9 43 21 45 32 16 24 17 46 32 2 23 48 40 29 34 23 50 8 10 40 2 29 32 8 29 32 24 13 4 18 50 32 21 20 3 3 30 1 7 33 32 14 1 25 5 2 30 18 30 12 29 43 48 21 49 28 3 1 24 19 43 29 33 37 33 24 34 18 42 16 41 21 14 34 21 2 19 47 45 25 46 40 35 28 36 44 
38 30 15 13 9 7 46 37 4 3 50 40 22 8 31 32 8 16 19 8 23 26 45 26 9 12 39 6 10 22 30 5 1 6 8 32 30 9 35 6 5 26 36 10 43 50 14 49 45 30 47 47 46 21 27 18 8 12 39 2 47 32 16 6 32 42 7 50 1 49 23 15 30 22 11 43 7 39 46 20 1 41 24 5 10 7 39 3 48 43 10 49 25 21 47 35 11 42 29 13 
18 13 26 3 43 47 25 20 11 10 44 2 31 50 17 45 26 41 45 21 50 48 41 23 34 48 21 18 33 3 15 50 29 11 18 44 49 8 43 23 16 39 24 14 9 32 36 31 50 9 20 4 15 39 9 23 46 23 30 21 39 23 24 4 11 9 33 16 33 4 25 34 21 7 7 49 17 38 50 38 23 3 31 47 16 36 23 7 13 23 44 6 21 45 19 32 30 34 12 28 
6 46 50 20 16 4 33 16 5 40 30 11 27 8 44 11 30 17 5 22 35 35 20 32 9 37 19 21 36 36 20 7 31 50 43 20 46 32 26 20 35 5 1 23 28 41 48 50 10 43 11 40 31 37 13 22 44 45 25 33 17 46 33 38 4 13 2 9 31 22 28 27 21 27 23 44 43 1 42 19 42 6 5 45 1 28 15 50 42 48 14 23 29 5 40 16 18 5 36 21 
43 14 48 40 24 14 35 40 45 13 12 22 50 47 17 28 16 27 5 19 18 37 29 38 48 25 48 5 44 41 19 9 14 30 7 16 37 11 10 20 23 25 21 31 18 25 29 27 14 22 10 13 23 49 16 45 37 15 14 21 40 33 43 28 34 45 21 29 13 2 7 14 42 32 29 12 49 20 33 25 17 20 14 10 45 1 31 39 36 22 35 35 37 38 44 45 13 35 34 3 
50 2 45 29 2 50 30 31 13 31 39 16 15 4 47 36 23 4 49 23 34 17 46 42 1 41 31 2 1 23 27 9 49 12 5 2 27 5 43 37 28 47 10 35 21 50 33 11 16 21 28 29 35 21 2 23 44 33 10 16 50 8 24 38 15 15 49 5 36 12 16 18 29 22 19 47 24 43 32 5 3 38 47 24 36 10 42 31 28 11 32 44 12 9 10 9 29 35 37 26 
40 25 30 42 15 27 46 43 43 47 33 4 19 11 48 19 5 45 45 41 19 12 12 36 48 32 12 9 26 2 39 25 23 24 1 21 6 19 26 16 32 45 21 39 17 40 22 10 33 49 30 18 5 27 22 24 13 6 28 50 15 3 41 19 33 8 45 16 12 1 17 43 35 9 6 7 8 31 24 6 18 14 37 21 35 10 16 33 26 32 35 27 46 42 24 46 12 31 9 40 
36 26 27 8 49 41 46 45 26 32 29 39 24 22 30 3 49 40 10 29 50 10 46 27 21 37 46 1 2 1 6 6 14 25 38 12 27 9 23 42 47 2 40 16 1 21 43 41 25 41 33 10 8 10 39 1 19 18 41 13 19 35 36 37 30 43 6 39 39 37 14 30 6 39 8 29 21 12 23 34 2 27 40 46 9 8 19 31 41 32 5 7 18 8 18 2 49 28 14 43 
45 26 25 33 19 37 50 23 28 50 24 23 15 24 9 20 27 31 48 43 18 35 31 40 2 31 29 7 8 25 41 6 15 32 14 5 34 38 32 11 46 19 8 26 23 6 29 8 33 27 44 2 18 50 8 27 34 48 11 44 7 22 4 20 38 41 43 28 45 12 29 18 19 27 31 33 11 32 38 22 42 23 31 49 16 23 37 39 26 1 16 4 46 39 18 16 36 25 50 47 
46 11 34 50 34 5 44 23 19 40 4 16 42 39 31 15 50 6 6 7 16 38 3 30 28 47 47 40 49 18 39 28 46 10 24 41 49 42 9 35 11 39 27 30 46 22 37 26 35 14 7 42 18 17 34 45 44 37 20 4 39 19 25 3 32 11 12 36 3 22 39 26 44 50 43 10 26 11 1 44 42 14 48 28 31 31 35 3 4 6 15 15 8 46 42 23 31 18 12 22 
39 8 5 17 38 33 25 29 1 8 30 5 22 30 20 40 24 30 40 46 32 44 42 34 22 3 20 37 10 15 3 40 39 43 24 30 1 22 29 21 40 34 29 3 23 40 19 17 14 37 6 26 1 39 45 47 50 12 30 27 25 26 46 29 44 26 42 29 38 30 27 30 30 43 38 22 29 11 38 27 47 18 10 26 35 23 50 28 3 46 27 5 17 34 2 20 16 21 20 29 
50 37 3 32 7 19 36 18 22 19 21 18 1 12 25 23 20 10 23 29 37 5 38 50 34 32 1 30 10 36 20 50 31 12 20 32 18 35 10 27 50 49 29 5 38 46 48 34 11 28 24 33 40 8 15 6 9 35 38 36 19 22 4 5 11 3 25 46 15 5 21 11 19 12 24 48 30 11 34 11 46 42 22 47 5 12 26 20 45 39 17 22 10 45 37 18 32 23 19 18 
46 13 32 46 20 29 9 20 28 1 43 50 25 29 9 22 43 43 38 21 17 24 34 47 10 4 11 1 50 28 38 32 11 6 16 9 47 7 10 44 21 4 27 38 9 12 24 9 40 23 2 5 5 7 39 27 10 9 23 26 35 16 35 14 35 39 24 4 46 45 34 32 7 37 36 39 41 22 20 3 35 21 34 44 19 12 4 7 7 34 50 48 38 46 13 8 50 15 44 11 
27 34 40 36 22 41 49 20 42 33 4 18 12 15 14 28 34 1 5 48 38 7 28 21 18 22 40 32 50 20 37 32 45 5 8 11 27 24 49 35 32 32 46 20 21 25 48 16 40 39 41 49 19 32 36 16 43 14 42 33 49 9 43 13 9 1 31 33 20 6 28 44 47 14 42 43 39 49 35 16 43 21 7 50 14 50 1 35 41 21 1 45 29 49 18 41 33 17 29 21 
37 46 36 50 42 18 4 11 31 35 2 2 25 35 7 14 39 37 24 33 34 30 34 18 33 3 37 17 13 4 44 4 33 19 19 2 12 8 7 44 33 44 34 41 40 9 12 45 17 15 41 43 39 18 50 36 23 37 43 6 10 30 23 14 34 9 46 49 11 14 7 46 48 34 7 47 19 20 46 9 40 27 45 17 40 11 32 42 30 15 45 2 42 19 20 39 41 1 38 26 
17 11 16 16 43 4 23 42 25 22 12 44 36 15 34 16 50 45 9 41 7 2 2 26 50 9 33 14 39 24 29 25 24 32 34 16 10 8 1 12 42 10 20 47 10 22 6 7 1 26 38 2 9 7 2 3 1 10 18 22 31 50 44 13 49 45 41 35 23 1 1 44 35 45 3 15 39 2 46 35 9 23 16 11 7 17 43 2 24 29 36 31 30 25 19 43 32 23 29 35 
47 35 13 32 44 9 43 35 31 16 44 6 26 25 1 26 17 45 30 1 29 6 48 48 16 15 35 22 8 36 43 4 44 38 49 25 27 21 38 27 45 20 8 26 34 4 24 42 27 14 43 33 43 8 27 20 32 21 47 50 20 13 2 20 25 18 9 45 27 23 16 11 7 31 21 7 8 12 11 20 45 37 6 17 2 40 42 10 11 4 11 44 20 6 39 21 49 16 31 8 
1 32 23 49 28 33 3 35 4 40 6 46 14 28 42 24 48 47 25 34 46 2 22 3 26 38 13 17 22 39 18 16 42 30 7 12 50 30 1 29 28 12 31 27 31 28 22 40 3 24 2 15 25 15 17 37 40 45 35 20 14 34 27 14 40 24 42 7 19 23 29 4 17 33 36 22 30 48 21 13 30 1 49 29 11 30 9 41 36 11 17 38 18 27 18 41 48 33 45 8 
34 28 10 9 2 35 39 38 29 34 30 3 33 21 44 18 5 11 20 35 20 36 9 12 11 45 9 30 12 23 50 1 48 47 14 3 30 20 22 49 14 30 50 47 17 32 45 16 42 42 5 2 20 29 46 25 24 34 48 30 37 25 18 27 24 46 31 20 38 23 12 32 11 5 25 48 13 30 34 3 43 18 40 5 2 4 20 30 11 37 36 16 16 11 6 27 20 18 24 41 
26 23 40 29 41 49 32 8 38 19 40 18 31 11 27 13 1 11 27 14 36 38 20 46 3 20 19 41 10 36 47 9 15 48 17 23 27 1 47 40 33 31 35 18 12 40 45 9 47 7 26 39 46 27 47 18 50 33 37 43 39 7 11 24 10 27 48 43 8 32 9 7 24 47 45 8 18 31 19 34 27 8 7 8 37 35 46 10 16 9 13 34 27 24 41 4 14 37 23 33 
34 25 2 8 29 1 25 33 2 24 6 33 48 2 45 18 43 17 14 9 20 22 37 2 27 21 8 11 44 19 22 9 40 47 14 25 16 5 50 29 2 48 16 45 33 41 34 35 18 6 19 15 19 16 32 11 46 30 28 40 21 11 38 38 16 15 35 9 49 31 47 16 35 23 26 36 17 42 49 29 6 27 6 30 22 33 39 23 7 31 7 48 13 6 40 23 45 47 36 21 
2 22 29 48 45 30 8 49 22 21 45 46 13 22 45 40 10 41 3 1 16 43 4 30 38 23 47 15 7 50 1 38 41 6 8 29 3 3 40 24 25 13 9 34 19 23 10 48 19 43 24 9 40 9 39 40 47 17 2 43 11 47 24 25 20 4 41 13 22 11 26 19 31 46 36 30 43 50 29 32 29 21 6 18 15 33 21 32 31 19 20 9 1 9 24 35 27 19 1 10 
17 16 3 25 15 50 45 2 38 6 45 36 41 44 1 12 48 3 3 5 17 14 38 17 40 46 43 21 7 30 17 38 28 36 33 50 19 14 34 2 36 21 26 1 1 20 19 2 9 46 30 46 34 21 36 37 31 3 50 15 24 13 16 34 5 29 50 35 38 41 17 50 10 25 41 42 31 11 24 1 20 24 35 46 30 23 12 18 41 45 44 30 45 43 43 47 31 37 24 9 
5 27 25 22 42 30 27 34 47 28 45 8 5 50 1 27 26 2 14 16 35 14 28 15 43 31 1 29 13 27 24 44 31 26 3 6 38 41 46 36 30 6 46 49 45 33 18 40 16 36 27 37 10 45 28 7 21 7 1 33 46 16 33 47 36 43 23 1 33 35 3 1 31 22 26 25 40 48 24 19 1 26 10 43 13 12 41 42 3 4 41 3 41 5 8 18 30 20 5 31 
21 28 9 35 30 36 25 6 50 5 17 17 4 47 40 27 36 24 9 12 22 40 11 19 12 48 44 16 50 33 36 13 48 38 16 13 17 48 20 14 3 5 49 15 29 20 45 29 9 13 29 50 38 27 21 22 45 2 46 27 36 48 50 41 15 22 45 2 11 41 44 19 47 16 50 22 8 30 18 30 27 36 31 41 13 40 1 12 41 31 16 16 46 19 6 26 45 26 47 11 
10 37 46 34 43 19 9 46 6 18 40 33 44 11 35 28 22 30 11 18 43 42 30 23 18 7 15 9 42 46 19 12 49 49 7 43 21 36 29 47 3 50 49 2 34 26 26 47 24 8 6 40 26 46 35 41 11 14 47 2 1 35 41 24 29 37 36 28 50 29 12 48 5 37 43 49 15 18 42 22 23 10 33 40 5 7 29 4 37 29 41 19 36 6 11 36 4 37 44 22 
47 45 14 35 47 28 20 32 25 17 23 16 27 27 22 49 19 25 12 33 31 33 8 40 9 18 48 33 25 42 16 38 32 47 26 41 31 34 36 1 41 1 39 49 36 5 22 6 1 7 38 32 24 37 18 49 45 42 46 12 29 19 18 30 50 23 49 13 8 34 25 30 17 33 44 2 19 28 39 1 29 39 32 44 32 39 5 9 36 19 25 11 33 28 19 13 41 27 21 4 
11 7 39 44 24 49 6 27 45 33 44 14 16 35 35 35 45 11 15 13 19 7 4 3 4 1 16 23 25 19 3 17 9 9 1 20 12 3 21 33 49 33 25 22 8 18 21 23 18 38 20 35 50 24 35 1 41 48 23 34 26 19 42 6 43 1 19 19 8 10 31 43 13 31 17 1 5 25 32 11 41 23 2 50 43 4 24 36 27 26 26 42 8 37 17 43 22 37 29 49 
6 5 34 49 33 7 10 17 10 24 22 20 36 8 46 47 5 40 31 40 45 20 27 17 22 42 24 47 17 11 38 20 31 17 14 29 11 20 33 20 17 34 49 27 6 18 39 46 34 15 30 8 46 14 9 27 39 34 4 23 15 39 18 34 20 16 48 16 15 6 9 46 4 16 50 37 9 24 17 4 33 17 36 44 44 5 45 40 42 35 39 46 22 38 7 15 9 2 40 2 
32 16 6 8 27 37 47 14 12 50 5 8 21 13 2 14 36 38 21 9 37 41 5 23 27 44 38 30 46 33 50 16 11 18 11 13 25 1 43 5 6 14 18 15 32 31 14 6 20 43 26 24 24 5 2 34 22 35 32 33 47 25 17 6 41 25 28 46 27 40 17 6 5 8 33 46 23 17 27 5 29 4 37 12 49 4 25 8 15 20 24 47 19 17 48 17 46 14 25 19 
38 31 7 31 39 10 8 36 4 44 7 13 7 25 5 36 46 13 20 30 46 46 17 30 38 45 45 22 44 18 6 3 48 3 12 50 48 28 37 11 5 23 46 33 42 4 32 48 7 2 3 40 32 40 41 8 18 49 37 1 27 39 39 8 22 30 13 43 43 32 7 6 27 2 28 37 17 41 41 14 32 27 10 8 26 22 35 4 30 20 14 45 33 8 42 8 49 39 32 40 
12 26 29 34 2 41 21 23 8 15 50 35 14 47 35 47 24 21 13 9 39 10 26 50 43 22 41 41 12 19 33 18 12 27 37 49 47 46 11 4 10 40 13 37 20 6 35 4 26 36 46 15 50 42 38 1 33 30 23 21 26 9 35 24 29 28 3 3 33 48 41 40 33 11 23 3 26 20 18 8 6 3 38 44 29 28 6 43 7 41 43 46 34 32 22 13 45 12 14 8 
40 5 24 26 42 21 29 42 2 24 19 25 36 42 43 28 20 13 34 23 35 42 30 48 42 34 28 36 37 14 32 31 3 21 17 14 24 50 27 42 33 40 28 16 7 13 45 16 28 38 5 9 50 22 25 12 44 22 14 43 30 10 18 43 32 43 19 27 11 15 23 49 44 45 31 22 20 27 6 44 6 25 3 39 27 17 42 19 12 39 23 3 21 1 18 4 36 13 25 46 
15 15 1 24 30 2 39 9 7 20 32 14 30 28 34 10 25 20 30 25 24 43 22 46 18 20 44 41 26 27 29 43 20 9 37 20 48 41 44 18 10 12 23 9 23 20 17 33 23 32 5 21 39 17 16 19 11 49 35 25 10 38 35 40 14 11 30 50 7 33 12 49 30 47 40 10 28 37 12 47 24 38 15 40 3 33 13 14 18 21 12 46 8 22 43 49 29 35 28 25 
22 16 11 16 25 9 41 34 38 16 12 27 43 36 8 47 23 9 30 48 50 46 34 40 10 44 35 33 14 48 8 38 17 44 20 10 32 49 15 47 45 28 16 38 49 28 23 9 7 2 5 33 1 45 5 29 33 18 12 22 6 24 13 18 19 5 31 50 10 26 35 32 6 12 1 49 48 34 11 45 4 15 43 7 6 37 39 48 15 36 47 32 40 14 27 1 33 29 35 47 
37 5 9 14 19 9 3 8 18 44 6 33 20 31 42 39 10 23 21 7 4 19 17 8 12 5 40 23 40 48 44 31 20 43 45 45 48 17 7 9 24 3 19 1 17 13 29 45 46 19 10 50 20 16 17 8 50 3 32 17 24 15 44 36 7 8 33 8 27 17 36 16 37 20 3 14 30 45 23 6 42 11 41 35 33 9 5 37 9 39 44 25 11 8 50 38 10 6 22 9 
4 41 2 45 16 26 42 25 42 9 50 42 11 28 46 49 2 3 6 20 42 29 48 1 34 26 41 50 43 11 41 24 34 43 39 20 20 14 11 45 26 46 38 22 10 20 35 12 1 48 3 32 26 35 46 42 11 1 15 13 17 30 2 40 36 26 12 38 10 29 7 5 15 42 47 45 35 49 16 9 17 29 28 6 47 10 23 28 3 20 43 8 47 9 22 18 24 41 50 25 
45 40 32 32 17 50 18 50 30 31 50 1 48 47 25 20 38 12 10 13 34 13 47 19 40 45 29 28 45 9 13 15 37 23 7 6 1 50 12 44 16 25 16 9 1 28 32 13 26 21 23 3 18 19 41 18 30 2 23 47 14 21 3 2 36 45 33 11 50 38 8 24 15 44 10 30 25 48 50 32 14 48 49 11 17 27 43 10 13 30 18 33 8 4 20 39 23 44 25 50 
24 17 17 20 44 18 34 8 16 27 5 12 46 10 50 35 15 41 28 33 47 28 31 1 16 24 28 38 28 23 49 9 6 18 38 20 36 23 35 26 1 30 35 42 20 16 14 39 32 41 12 1 43 37 13 15 5 7 16 36 43 34 27 47 44 15 48 10 20 24 11 20 1 6 34 19 46 32 24 13 7 10 18 23 14 19 14 45 42 4 26 37 19 11 33 22 34 4 10 20 
9 27 50 42 21 31 41 14 45 46 34 20 33 31 21 45 19 47 23 8 48 35 22 31 42 8 29 7 29 47 13 2 1 18 4 3 16 10 31 16 26 14 40 32 24 9 8 13 17 31 26 27 28 44 49 38 49 20 35 48 23 23 47 32 17 1 22 28 37 12 19 25 12 1 18 49 20 31 50 32 49 8 2 44 4 44 4 48 6 34 45 16 23 45 2 29 2 4 3 48 
45 44 29 46 41 39 4 16 42 32 8 10 39 2 20 13 26 19 35 21 33 2 37 39 39 50 16 14 37 11 48 31 33 38 11 48 32 45 48 45 17 30 8 50 14 2 25 18 24 21 48 37 12 16 8 35 10 18 28 32 43 28 29 20 9 29 31 40 28 11 18 11 30 50 39 23 2 43 30 20 3 43 39 38 21 7 29 4 20 19 33 20 31 26 3 32 15 46 19 38 
33 27 50 37 39 8 22 12 39 29 48 48 24 33 40 44 37 14 25 40 12 43 22 2 12 46 4 38 49 24 14 9 41 35 36 7 36 20 7 23 34 43 16 3 17 28 9 29 34 13 10 16 8 25 23 4 30 21 40 16 28 21 23 6 50 35 5 38 33 3 8 2 25 29 23 10 26 15 22 38 7 29 16 5 18 45 21 20 23 27 3 12 29 28 18 11 11 26 27 16 
14 29 37 34 23 38 48 40 11 19 43 4 8 24 11 36 20 27 47 5 24 25 20 42 16 37 1 5 3 7 4 16 10 30 37 2 18 7 18 13 43 46 37 11 17 26 37 35 2 34 35 27 24 6 25 50 25 19 24 17 41 31 15 31 41 14 7 39 31 16 34 49 3 25 33 11 37 28 25 39 10 21 41 6 42 1 35 49 9 3 47 10 38 38 32 2 25 10 32 30 
10 22 49 3 22 5 8 36 21 29 42 50 36 42 3 11 30 29 8 1 31 7 14 2 1 13 33 23 19 38 26 39 3 26 46 33 26 39 5 12 23 38 38 4 36 16 26 7 19 35 3 47 38 46 39 26 25 43 29 44 10 16 8 39 11 30 25 50 15 22 7 26 12 24 5 18 42 13 23 18 9 48 7 31 32 27 38 37 1 34 14 17 21 16 3 34 50 18 39 32 
30 27 30 46 20 23 9 32 19 30 5 34 4 13 27 17 30 17 9 7 24 3 5 10 10 41 42 32 8 17 48 32 19 50 35 11 13 38 21 44 30 49 21 45 21 44 47 29 31 33 31 28 38 50 9 14 46 47 13 37 16 17 1 11 18 24 9 46 13 49 4 13 24 4 38 25 37 35 7 19 49 41 16 28 41 11 33 42 11 16 27 12 48 34 3 34 24 40 18 25 
12 29 20 17 9 9 33 33 39 46 43 5 32 8 15 17 5 37 12 25 44 17 23 23 4 25 21 41 45 12 18 38 22 16 6 28 40 33 27 45 7 24 29 21 33 29 16 36 6 15 23 16 37 25 26 47 37 22 7 15 35 3 1 34 10 6 25 5 40 10 28 31 39 14 43 33 44 4 11 2 7 23 16 21 39 16 48 50 32 25 43 25 31 37 48 33 11 38 19 28 
14 32 47 36 28 13 21 30 21 42 2 25 49 2 31 29 50 50 43 33 8 27 11 18 35 29 9 7 7 25 35 4 7 29 42 8 5 27 33 19 26 40 29 28 48 34 47 33 4 12 45 16 50 47 39 13 46 22 47 26 27 25 36 22 11 46 3 31 41 29 28 39 18 6 26 22 44 43 2 18 10 4 13 15 23 40 46 18 38 26 46 30 41 5 10 27 2 20 31 35 
3 50 20 49 34 33 19 24 37 22 6 40 37 15 27 26 25 2 6 48 17 25 23 19 41 19 38 8 37 34 7 26 8 30 42 28 41 49 46 30 32 44 50 6 45 42 50 20 38 44 20 13 17 50 2 20 19 46 38 44 44 35 38 10 41 1 15 21 9 9 15 16 12 25 19 4 16 32 2 25 35 12 27 36 12 42 44 47 32 48 17 37 10 34 15 12 26 37 39 3 
21 9 36 50 16 5 32 33 21 33 22 4 38 2 36 36 14 15 26 47 17 24 38 6 43 7 27 46 12 6 9 27 48 15 25 9 32 30 11 1 2 11 5 9 16 24 9 43 49 37 48 49 24 39 33 31 24 10 9 27 35 4 1 48 43 48 42 44 13 12 46 28 25 22 1 50 38 16 1 44 13 7 35 10 42 24 30 34 30 6 27 6 34 5 3 10 39 40 12 21 
30 16 19 24 39 1 50 6 29 13 4 20 15 42 49 47 20 24 20 19 12 38 6 1 21 16 36 31 14 41 17 44 33 12 35 43 49 13 14 37 38 23 34 8 25 47 32 18 13 11 26 21 45 8 37 22 8 33 5 47 49 44 3 4 20 45 23 12 38 42 18 22 23 4 13 21 29 46 13 20 19 26 38 1 4 10 6 44 48 26 3 5 47 31 19 13 9 10 9 28 
27 3 1 36 31 34 16 14 27 28 11 43 14 7 29 18 34 25 31 28 50 2 1 31 36 44 10 7 41 39 32 45 4 45 40 11 47 32 39 6 29 5 9 13 49 33 33 43 29 42 25 4 27 26 32 33 41 2 37 49 10 11 47 12 35 12 34 20 19 9 50 24 41 23 25 10 36 26 39 19 47 1 31 4 20 35 49 28 23 9 45 11 21 28 33 27 30 19 44 43 
26 4 18 10 3 31 39 42 8 28 23 25 11 32 29 36 34 7 8 31 26 11 8 19 37 42 27 6 36 23 14 27 31 4 50 5 39 48 2 30 15 28 22 44 11 44 8 4 37 31 36 28 23 7 45 11 27 20 21 9 27 11 11 37 17 45 32 29 48 14 14 24 21 18 11 18 22 40 44 17 37 26 18 26 27 24 21 13 4 31 6 26 13 8 19 38 28 19 21 8 
39 16 12 13 17 1 27 5 12 23 45 23 45 26 3 2 33 10 19 15 40 5 5 43 39 4 37 4 50 13 14 18 3 20 47 7 33 45 29 29 23 12 7 23 20 49 11 26 10 39 5 13 5 36 15 46 21 42 9 37 27 4 41 12 47 24 42 37 12 1 14 25 27 40 1 42 16 45 24 44 10 49 9 12 2 12 11 26 45 17 12 8 9 43 24 2 8 3 13 2 
48 47 47 33 28 4 31 23 43 19 19 47 38 22 49 32 26 16 1 4 43 25 18 20 17 32 28 16 50 43 32 50 23 48 29 47 24 18 6 49 35 5 30 17 26 3 14 11 38 37 1 11 46 11 37 47 27 34 47 12 14 6 10 19 42 12 41 14 17 16 34 39 43 3 49 25 38 27 12 45 14 49 1 5 8 42 37 23 17 6 33 26 20 31 14 4 42 9 34 46 
34 6 2 46 38 49 33 29 47 31 19 50 18 4 34 49 38 47 48 50 11 40 21 21 28 35 42 38 40 36 28 9 9 3 7 41 24 34 18 34 43 26 18 15 40 28 35 32 4 36 39 14 30 7 17 10 6 12 34 47 23 35 39 43 43 14 1 22 44 14 26 21 28 20 8 12 19 48 44 35 32 15 31 33 18 30 26 32 18 48 47 50 10 12 36 44 27 10 22 46 
12 36 46 49 44 23 15 38 3 26 45 29 32 27 27 10 24 33 48 28 43 14 27 26 15 21 50 28 31 21 30 15 36 17 23 45 5 10 6 49 30 28 46 8 31 38 37 34 48 13 24 21 43 1 10 5 5 50 44 6 12 27 15 17 45 7 41 38 4 39 49 36 40 25 24 14 37 33 48 49 44 41 34 42 35 17 45 43 35 45 36 38 16 15 23 18 47 6 37 35 
9 1 5 3 35 50 21 17 35 37 22 28 4 20 23 32 13 45 50 32 35 21 45 27 48 10 24 8 42 20 31 48 40 39 21 34 6 50 24 19 9 30 14 19 3 7 47 12 15 31 9 42 19 23 34 9 8 25 25 40 42 17 49 35 25 34 48 41 38 41 7 3 45 48 42 46 29 49 12 10 24 6 2 18 15 16 13 7 6 13 44 14 39 27 9 37 13 33 35 29 
32 29 24 37 35 12 48 44 41 10 40 9 45 36 35 50 13 40 34 21 32 19 26 47 8 22 9 2 41 39 4 22 41 1 24 2 11 19 39 5 42 1 10 17 13 40 1 7 10 44 50 1 8 34 12 19 47 39 3 30 43 43 25 2 20 48 25 17 25 25 36 43 48 41 33 29 9 14 16 39 25 9 16 31 29 36 31 43 12 35 16 29 44 12 14 25 42 33 31 26 
15 33 3 18 31 8 20 36 43 21 10 25 4 4 9 6 18 7 31 38 31 25 10 11 19 26 38 3 26 40 2 37 10 33 49 1 9 44 35 13 48 34 15 15 15 6 40 23 32 21 23 13 41 36 47 7 46 33 5 1 25 34 44 26 49 29 12 29 23 34 7 30 47 22 15 48 34 9 15 20 40 42 11 49 10 18 50 31 15 12 39 11 47 50 22 6 15 17 10 44 
13 45 8 23 14 7 24 29 48 37 5 10 24 16 18 44 39 24 47 27 26 19 6 24 48 23 21 21 12 28 6 44 14 47 21 30 28 14 5 4 9 2 21 35 30 31 20 46 29 33 34 30 47 19 33 3 41 42 13 42 15 49 15 21 25 24 13 21 16 34 13 11 37 50 12 35 45 12 4 10 42 29 4 32 33 12 28 35 5 15 48 13 21 30 13 43 5 16 47 13 
44 23 19 15 19 5 44 19 45 21 18 30 23 41 10 40 9 9 9 38 25 32 40 11 31 38 20 29 9 4 13 8 16 20 36 40 7 31 39 37 45 20 21 45 2 32 46 43 37 5 44 47 41 15 27 38 36 10 6 29 22 24 36 33 1 44 21 10 11 23 10 40 35 36 16 40 38 8 24 7 27 29 37 6 1 32 41 33 13 45 49 1 13 28 41 21 18 10 14 24 
1 12 13 50 9 5 46 23 22 6 40 4 37 10 20 35 17 1 11 6 46 29 10 33 39 26 27 33 20 49 39 6 1 42 23 12 45 14 21 34 6 23 26 48 9 16 7 21 17 28 25 5 26 28 42 10 38 26 32 42 48 1 47 7 25 41 23 32 27 44 29 6 10 32 4 39 17 40 2 47 9 38 32 3 32 17 24 27 3 38 30 49 44 47 1 4 12 40 1 36 
8 7 5 11 5 14 37 34 4 15 32 28 39 46 22 7 45 28 1 22 33 44 7 15 39 21 46 20 20 33 19 29 6 21 26 48 45 35 23 29 29 37 6 48 47 19 41 5 22 48 12 14 4 28 40 34 1 25 45 46 3 31 48 24 11 22 32 32 36 16 27 10 35 24 24 11 47 28 33 42 46 24 19 3 16 33 30 42 47 19 24 4 48 48 30 19 48 3 21 40 
9 25 40 46 19 47 49 48 48 18 25 8 46 32 28 42 20 1 18 25 44 21 8 47 17 39 24 7 17 22 45 40 14 38 5 25 28 43 7 33 44 6 49 32 39 23 33 39 45 37 48 8 27 20 7 1 3 30 47 31 34 44 3 37 15 22 46 33 39 26 14 35 24 11 42 32 13 3 40 15 16 33 22 24 35 13 16 41 4 31 7 35 14 3 17 24 25 14 45 13 
31 3 20 20 38 12 32 38 33 9 44 24 18 8 14 6 16 29 15 21 43 9 3 15 15 45 39 22 37 34 19 34 35 20 37 34 48 15 45 26 31 40 8 34 13 6 41 50 31 26 28 42 3 14 36 12 27 33 26 40 6 4 4 4 11 6 12 45 44 1 2 36 49 12 4 18 27 43 18 9 22 48 27 39 32 26 46 35 45 50 37 43 34 10 4 38 18 25 36 40 
11 17 19 44 15 26 17 30 5 28 45 7 41 31 47 32 21 11 3 28 25 28 8 20 17 47 1 38 43 39 32 30 18 12 26 25 7 43 34 13 11 31 11 27 27 32 24 8 32 5 37 22 45 44 43 43 22 40 12 20 28 28 19 20 29 17 50 6 19 2 24 40 10 5 16 29 47 47 38 17 37 10 47 36 36 25 32 27 49 31 22 46 20 5 43 22 27 23 35 23 
24 26 44 35 14 30 13 2 35 13 38 16 5 48 48 29 48 33 9 29 43 27 44 35 18 8 20 41 46 48 20 11 23 44 31 3 46 35 32 39 27 9 38 49 38 9 27 34 35 20 44 40 22 34 16 1 33 7 34 5 40 6 6 25 39 15 20 40 36 48 27 46 42 21 39 34 15 16 29 45 39 7 48 12 48 50 4 24 32 8 33 8 13 3 19 11 45 27 3 4 
48 44 9 34 43 44 47 46 3 30 19 8 40 24 9 46 22 6 30 2 48 22 20 32 20 42 18 11 49 22 28 5 41 21 25 29 35 7 26 24 13 42 44 38 46 38 5 38 30 31 33 6 27 4 12 19 17 11 50 23 6 32 20 35 5 12 28 3 3 19 19 34 18 3 14 28 38 46 37 42 23 29 12 11 18 30 7 35 20 9 8 13 7 28 6 31 23 1 12 2 
20 31 34 12 1 1 6 36 13 24 40 9 17 50 17 4 15 35 23 42 8 36 18 46 50 15 11 28 12 14 40 48 30 18 20 49 22 44 10 23 35 3 4 9 34 39 14 3 28 11 37 31 5 29 1 18 47 26 33 36 21 14 32 6 32 18 20 32 48 33 37 3 46 24 10 15 43 7 33 1 33 37 9 31 3 10 11 50 5 23 38 23 13 42 50 28 16 10 48 28 
41 48 1 35 26 14 22 19 14 25 25 17 7 15 31 45 16 46 48 7 39 48 1 40 42 40 17 30 46 43 34 3 4 3 8 15 24 15 15 25 37 41 46 11 37 44 14 22 33 17 32 27 30 6 32 38 9 48 6 45 43 7 19 25 47 42 44 26 2 3 32 20 32 14 3 11 20 10 19 4 19 24 15 4 3 11 22 40 24 50 41 22 1 47 14 13 11 16 3 29 
7 19 1 35 23 10 28 32 29 27 38 37 12 42 41 35 48 33 29 3 28 17 3 16 32 18 12 10 28 28 28 4 5 27 47 25 9 47 10 11 4 15 50 24 24 39 40 3 45 7 24 1 1 44 22 14 38 26 32 19 2 41 4 38 11 9 18 26 5 48 23 17 36 1 9 22 11 29 32 41 32 37 5 2 5 19 4 36 31 46 37 1 48 27 49 35 50 38 46 46 
49 17 31 3 18 25 13 33 27 29 14 40 25 7 17 3 4 39 4 26 40 18 23 29 20 21 15 24 42 5 48 37 12 23 26 40 4 12 8 42 7 37 43 49 28 16 37 32 46 50 39 16 35 14 2 28 30 10 43 22 40 32 12 6 12 12 11 28 38 8 23 30 7 10 48 10 50 37 31 32 2 23 31 17 48 44 20 36 18 41 30 5 1 6 7 35 45 2 20 49 
22 38 38 37 17 39 5 23 38 30 12 27 17 21 36 25 22 15 28 50 19 47 43 10 7 50 4 30 48 33 50 7 2 4 26 16 21 49 24 3 44 17 30 23 41 19 21 23 17 50 2 49 28 21 19 42 34 37 12 34 7 47 22 10 44 32 8 34 24 30 22 49 33 15 45 37 8 14 43 1 35 31 42 26 5 2 46 2 6 6 20 4 47 19 5 22 42 39 34 38 
30 19 42 28 38 5 1 8 48 9 33 38 23 44 28 32 50 6 43 2 5 36 4 28 39 37 48 40 32 12 10 6 1 22 24 43 15 32 21 22 50 32 5 21 20 45 32 35 24 50 32 2 32 18 37 23 33 25 35 36 46 2 33 43 33 49 30 38 7 23 41 27 9 14 24 49 30 50 43 32 39 39 31 10 28 13 2 37 25 29 3 30 7 19 36 7 16 41 5 47 
40 12 22 40 36 22 5 19 33 5 43 12 32 49 25 35 16 15 18 8 43 35 8 5 15 3 35 23 36 15 4 15 26 11 30 26 44 25 42 4 25 48 46 42 18 9 32 9 17 18 21 31 3 16 7 28 12 32 10 43 12 33 31 12 12 10 9 23 22 19 28 9 38 23 19 26 23 15 39 12 6 33 12 21 28 42 8 27 49 16 34 1 46 23 49 19 1 18 9 36 
3 37 18 24 40 2 34 32 4 40 6 12 3 47 27 28 18 6 31 25 31 37 8 9 30 40 3 18 39 32 43 18 27 36 21 9 43 41 3 16 44 49 17 29 31 21 10 27 20 50 42 49 14 1 44 46 50 39 41 28 12 48 18 49 20 3 45 33 7 8 5 3 40 30 35 12 13 38 24 11 2 32 28 40 5 24 4 9 28 11 49 10 10 11 11 18 9 38 33 2 
27 44 34 32 14 23 16 30 18 48 19 12 33 41 35 44 35 26 32 44 26 26 43 33 42 14 36 41 4 13 10 21 47 24 22 16 7 16 6 22 25 14 9 19 19 43 40 18 26 48 32 4 3 42 9 37 32 49 23 35 46 17 12 9 49 24 27 34 50 50 26 39 15 26 27 8 37 20 43 12 35 22 4 25 39 24 20 46 2 14 49 7 32 27 13 26 17 28 27 42 
24 12 40 15 44 29 29 35 19 35 2 17 25 12 18 48 20 20 30 48 17 11 50 24 33 15 10 9 42 10 50 23 7 49 43 27 44 48 6 12 23 44 4 10 28 32 37 7 12 36 2 44 43 37 26 2 49 6 45 27 13 21 43 47 4 43 9 13 43 41 39 26 49 27 48 45 1 28 1 21 14 15 36 4 29 45 44 25 50 46 49 6 40 38 23 45 23 24 49 12 
37 25 42 42 20 22 11 7 43 50 36 5 4 23 32 42 19 20 23 32 19 14 37 2 5 18 42 4 3 31 21 45 24 37 48 27 6 2 19 40 33 35 48 1 1 6 22 29 1 39 15 42 30 28 5 39 27 47 43 15 46 6 29 49 24 3 45 32 43 32 33 13 49 11 38 4 2 44 7 29 23 18 12 1 31 42 27 26 12 26 23 24 33 45 25 45 47 30 6 34 
28 22 35 40 28 12 28 5 42 9 39 44 29 41 10 20 37 47 45 15 5 4 43 8 29 50 17 22 30 29 37 5 34 27 37 47 20 20 44 19 20 2 10 24 3 21 2 17 8 9 15 7 2 17 49 25 25 48 44 23 25 27 46 11 6 3 17 14 29 1 11 34 18 45 12 41 11 34 7 43 25 34 43 37 12 19 20 32 36 15 17 36 43 19 3 7 12 40 5 22 
3 5 36 26 30 33 39 41 41 42 1 4 48 30 23 8 43 30 30 21 47 18 35 48 15 36 5 17 5 43 5 37 30 25 2 16 36 34 17 24 18 38 20 21 37 12 12 44 2 17 5 44 47 16 21 49 16 20 15 14 11 12 48 29 43 23 1 20 12 21 5 44 22 22 47 46 44 3 10 34 34 1 27 28 26 18 31 17 24 2 25 44 1 27 36 9 35 4 33 32 
12 43 28 15 12 19 44 35 20 38 9 24 2 24 49 23 6 8 24 41 4 5 14 34 8 10 8 6 34 47 39 48 35 10 12 48 26 43 43 11 25 44 23 48 22 45 8 5 28 11 15 2 1 35 21 30 5 47 16 40 33 30 42 44 12 46 30 27 48 9 42 41 8 46 48 34 46 18 11 21 47 38 22 32 35 28 27 38 38 6 2 23 12 37 9 25 47 15 7 28 
32 1 45 49 17 5 12 2 11 44 39 46 37 40 44 43 30 22 19 31 24 24 13 41 3 38 46 40 19 44 40 50 2 50 26 37 5 4 19 39 40 17 11 32 33 31 11 41 8 3 14 49 38 46 20 28 16 2 33 3 29 23 22 30 30 33 33 21 16 22 11 32 38 39 9 31 33 28 6 16 28 29 45 44 32 34 17 17 9 17 33 18 20 19 48 12 14 37 31 43 
38 25 18 16 24 24 18 28 31 37 22 10 45 6 28 50 45 27 33 43 28 19 48 24 30 38 40 24 14 20 20 23 22 10 2 25 17 36 21 20 17 49 37 39 39 16 49 12 44 44 22 32 18 22 24 3 40 10 18 34 25 27 36 15 9 10 8 3 20 45 34 23 43 25 21 42 24 28 14 23 34 2 7 39 7 7 36 49 5 27 47 4 3 44 10 11 22 13 36 48 
23 10 18 18 12 2 36 49 37 1 25 42 13 29 39 22 33 48 28 21 23 15 34 13 29 19 5 8 2 25 36 15 11 20 38 44 22 5 37 19 44 5 31 15 47 12 24 26 22 21 31 12 16 28 11 20 34 27 16 39 34 37 26 15 8 47 45 1 9 46 19 33 4 24 36 41 24 11 12 48 3 6 39 19 16 2 49 6 23 37 15 6 32 16 10 36 8 24 26 14 
44 24 18 13 16 28 9 38 9 48 17 20 44 32 6 22 28 2 38 47 48 35 46 49 23 3 40 24 3 4 43 28 26 11 42 39 40 23 19 3 40 46 2 32 45 11 14 14 25 9 13 42 9 18 34 11 4 10 37 9 23 31 48 48 19 7 39 27 33 32 46 50 8 24 13 43 21 50 40 34 17 15 25 45 43 46 9 3 20 9 32 41 14 16 17 48 3 14 37 25 
19 39 13 6 44 10 29 11 27 36 22 1 36 50 19 49 22 18 10 13 31 15 32 49 35 6 44 18 30 22 11 28 46 47 9 48 38 40 41 45 29 11 39 9 27 42 26 43 35 47 5 39 21 15 9 44 8 12 32 48 22 47 49 8 1 29 40 33 17 1 46 30 31 50 12 8 4 6 27 40 27 3 48 41 31 32 32 4 7 30 46 21 26 23 2 18 13 6 2 48 
40 32 30 40 5 3 40 5 32 8 1 25 24 32 27 9 48 5 5 25 8 50 41 34 38 20 20 50 30 28 44 35 34 47 1 45 18 44 12 13 27 15 22 33 6 32 19 12 33 33 34 12 44 38 47 32 22 46 18 20 40 30 40 15 13 21 1 34 41 33 9 7 27 48 9 22 28 24 7 25 12 47 16 2 24 36 9 45 31 18 35 3 34 26 14 23 3 38 10 42 
31 7 10 28 41 22 13 12 12 24 49 45 26 35 44 14 10 17 42 19 47 22 2 39 20 21 48 33 37 35 40 28 40 35 10 17 20 34 14 12 3 50 28 12 36 50 37 36 19 24 47 33 30 36 17 46 18 34 18 33 16 32 8 26 28 47 15 25 23 4 25 18 2 4 7 41 38 30 21 49 24 3 14 43 10 9 46 2 33 8 49 31 50 9 22 15 23 49 30 6 
6 37 32 28 24 46 39 10 33 14 3 6 35 14 26 3 27 36 32 21 11 33 25 9 10 27 21 25 34 29 16 25 8 39 4 26 22 30 32 42 15 7 36 33 2 26 18 49 43 37 5 21 21 50 44 21 30 17 44 5 12 4 36 11 26 14 25 14 45 17 3 17 49 43 12 47 38 47 8 28 42 15 43 45 7 12 30 39 29 43 9 42 28 2 35 24 10 17 8 22 
19 3 30 36 33 49 15 24 32 12 31 11 8 49 7 39 14 44 26 39 15 19 36 13 12 43 48 3 46 10 25 44 34 21 35 34 4 38 24 5 2 31 8 6 16 46 12 18 6 43 33 15 40 50 36 50 16 41 17 28 36 44 8 8 13 13 12 8 41 41 21 11 17 30 3 20 35 24 4 44 24 48 34 5 13 28 23 31 4 15 25 19 12 21 30 5 10 41 17 46 
48 49 2 1 5 32 29 30 23 1 20 16 14 6 37 18 23 19 16 49 49 36 2 3 4 15 7 32 49 17 23 42 44 10 6 6 19 7 40 38 8 8 40 12 32 21 31 31 28 22 17 21 2 11 13 36 29 11 29 22 27 44 2 43 14 14 10 48 24 2 25 27 31 39 25 40 48 45 22 32 40 29 32 29 8 38 15 47 25 34 29 39 33 17 33 14 20 2 27 50 
27 47 29 28 17 28 34 13 6 49 34 3 10 24 28 44 42 50 43 49 5 48 43 8 45 14 6 22 9 36 27 16 30 39 7 41 41 19 39 40 13 21 6 42 44 12 12 43 24 31 48 15 10 5 42 26 25 41 41 23 29 11 42 7 27 37 18 6 2 1 26 2 24 22 36 31 27 12 33 30 9 31 18 3 33 9 5 20 27 38 37 28 1 3 48 1 2 36 24 11 
33 35 29 8 15 3 46 21 37 11 24 22 31 9 5 42 38 1 14 48 19 19 20 8 48 9 9 49 50 42 25 7 41 21 7 2 37 2 50 35 29 12 30 26 15 13 10 12 39 28 31 42 30 29 33 8 34 39 2 32 17 45 49 35 8 9 2 21 35 43 26 47 48 38 23 42 50 21 20 16 25 35 24 47 25 32 31 46 20 16 9 26 15 22 31 22 33 6 17 46 
7 44 46 7 13 6 26 1 29 41 4 11 30 20 43 22 35 37 17 43 31 36 33 46 24 10 42 35 8 8 50 16 1 19 5 32 30 48 32 37 10 40 10 14 6 9 33 38 12 43 34 43 26 14 27 18 10 2 23 28 16 6 42 33 34 4 9 38 13 14 15 19 49 8 18 35 42 15 35 35 45 45 18 4 32 29 39 21 13 23 10 6 12 23 29 28 50 23 1 9 
48 37 29 22 8 8 27 43 25 4 37 10 43 11 41 42 27 34 45 43 17 35 22 39 50 32 8 36 18 6 2 31 6 44 18 9 29 4 43 19 26 2 15 42 15 5 6 10 35 1 7 44 17 43 30 34 12 27 20 50 10 16 23 25 24 15 20 36 44 35 29 19 43 5 9 21 4 45 37 21 1 12 36 32 9 28 35 23 29 19 19 27 1 37 13 7 28 40 10 31 
22 13 8 21 12 10 3 45 8 15 7 10 43 46 46 1 34 15 18 36 29 48 14 4 13 20 41 42 2 39 13 30 14 31 48 38 2 2 37 36 16 31 33 20 47 18 18 47 44 9 6 12 4 21 11 31 31 47 40 17 6 42 30 30 34 24 39 2 45 17 20 20 36 42 2 39 32 6 21 27 5 34 11 2 34 39 20 13 49 13 48 14 12 7 18 7 30 8 36 43 
28 49 18 48 46 5 27 28 49 32 2 20 15 3 3 34 8 9 32 41 1 38 19 23 4 38 35 28 37 49 2 50 33 39 37 11 31 18 10 16 37 15 9 18 13 16 23 36 11 12 31 17 28 1 2 9 32 32 8 23 13 19 37 3 14 7 38 36 45 36 25 41 8 42 22 2 50 29 27 43 33 2 29 36 7 6 34 23 33 9 35 44 29 32 36 43 30 5 37 22 
3 43 38 45 1 20 19 30 45 38 44 43 27 25 38 29 1 8 31 31 40 48 19 13 41 33 19 6 40 8 13 12 45 9 1 44 22 22 4 50 34 24 14 21 47 5 29 35 36 21 17 16 43 4 4 46 26 16 31 10 4 1 9 25 31 14 36 32 29 18 49 42 3 12 24 13 19 35 39 45 12 40 14 3 40 43 33 29 27 49 38 45 10 4 6 20 36 19 33 17 
24 13 47 17 29 44 14 11 16 18 38 4 26 15 3 39 36 30 19 23 29 25 2 16 1 41 11 35 47 22 24 45 8 16 3 26 6 41 14 5 18 10 39 13 29 13 5 20 49 30 34 19 34 48 31 11 36 35 13 48 49 1 34 39 42 18 33 23 16 50 15 3 43 36 32 27 50 10 26 22 20 7 34 22 26 4 30 26 38 38 19 8 36 22 13 25 22 9 16 18 
48 37 9 35 44 19 50 8 35 27 16 29 35 23 29 50 18 14 36 21 46 36 36 37 35 22 42 36 47 18 34 41 11 2 48 45 49 2 36 36 12 13 34 47 35 22 33 31 49 7 4 31 12 31 13 30 32 29 44 38 13 47 50 41 32 21 5 13 35 25 42 40 42 40 48 23 14 20 47 37 14 38 14 38 49 23 39 47 46 23 16 41 29 36 44 25 11 4 11 21 
35 7 10 25 10 40 43 9 46 26 7 43 18 49 9 6 3 14 21 46 36 39 30 13 11 2 9 45 23 4 12 16 48 33 44 36 1 24 32 41 29 22 33 32 39 15 18 8 12 10 15 36 2 27 44 46 40 23 50 2 41 24 33 50 31 24 40 21 35 4 2 39 31 39 20 3 4 5 13 44 33 27 39 12 27 23 43 43 33 15 26 32 47 34 28 36 39 14 8 5 
38 20 11 40 20 8 18 27 5 22 49 24 11 35 12 17 35 34 3 37 24 50 27 36 9 29 25 10 17 10 23 12 15 18 36 20 42 21 45 34 18 10 16 44 39 44 46 3 32 27 12 50 5 24 24 9 11 18 45 3 41 34 6 4 49 36 12 47 47 1 14 2 10 42 5 2 32 15 50 15 24 30 25 42 42 36 20 38 22 26 17 7 29 25 35 11 32 41 10 16 
48 2 21 24 22 43 8 46 3 3 34 34 28 11 3 44 12 37 10 23 34 49 24 19 24 15 31 7 3 14 14 36 25 3 13 47 6 45 23 29 35 31 28 49 41 11 5 46 46 33 19 36 13 8 38 20 36 34 5 22 8 26 37 8 22 15 45 32 10 3 42 26 30 32 32 11 36 10 26 9 6 28 45 49 11 50 38 19 18 6 38 41 39 34 18 3 14 32 38 24 
34 37 32 16 45 15 47 45 24 42 1 31 41 13 27 10 21 40 22 31 19 7 16 20 18 29 8 11 11 9 38 50 28 5 27 45 25 14 50 19 17 21 12 18 10 24 23 1 43 7 33 25 29 50 7 40 9 33 27 19 30 21 35 17 40 8 15 4 19 3 16 22 17 34 40 22 30 3 7 49 4 37 27 48 46 4 40 19 41 11 41 34 7 37 2 16 50 34 21 50 
7 47 43 47 18 14 2 30 37 43 3 40 2 5 15 3 41 10 16 7 28 29 6 41 36 41 27 21 23 19 24 13 41 27 4 46 7 7 7 50 23 48 27 43 37 36 30 36 30 30 38 9 47 44 9 24 32 13 27 7 16 11 47 40 22 23 39 11 2 1 43 49 15 28 20 30 13 44 20 17 23 40 4 2 32 15 11 34 36 30 30 40 30 4 3 11 47 49 21 25 
40 7 44 45 17 16 44 42 17 32 12 4 25 27 16 17 19 25 2 36 10 2 33 13 23 3 31 8 2 24 5 11 47 32 41 33 35 5 39 49 12 16 11 33 23 28 16 20 30 6 7 23 24 8 3 38 43 23 43 2 39 35 3 28 47 43 27 49 21 24 1 18 41 9 44 46 31 22 10 24 2 5 25 50 43 33 47 6 9 30 47 36 40 16 47 12 22 18 33 38 
32 49 32 49 7 6 5 17 35 45 37 8 14 47 31 50 9 29 27 35 40 28 43 22 4 9 25 26 16 21 11 34 17 41 45 15 25 37 7 7 12 45 33 39 23 11 34 10 41 21 31 49 9 43 37 31 29 24 29 14 47 42 37 27 3 1 17 33 8 3 24 40 48 18 18 42 30 43 46 41 19 27 41 43 30 20 14 47 9 4 43 35 36 15 8 13 25 26 33 18 
20 5 49 30 22 40 48 44 15 22 43 39 14 4 11 32 48 9 29 20 40 31 22 16 39 50 42 30 41 8 35 10 34 36 29 43 10 7 19 28 13 5 18 41 15 35 24 41 45 14 37 21 3 22 45 35 30 43 47 7 15 5 11 28 35 48 26 32 43 24 18 43 6 18 27 34 25 15 26 11 11 31 10 45 19 15 26 4 31 48 40 5 23 9 21 30 27 17 35 16 
32 36 36 43 24 13 1 27 29 42 10 38 25 14 21 16 37 35 28 33 17 46 42 38 26 18 20 28 25 27 6 15 11 23 44 9 25 34 6 18 23 12 33 15 16 38 5 40 39 19 35 31 1 36 5 33 13 1 31 9 39 23 44 47 43 22 42 5 40 26 1 20 10 47 5 36 33 27 5 47 28 29 50 16 30 3 48 46 29 28 17 27 8 43 39 31 28 30 9 25 
45 43 38 17 11 6 18 38 28 42 13 30 24 15 44 34 47 48 26 49 47 38 47 27 4 10 37 34 6 31 29 21 4 5 35 38 2 15 42 44 23 13 34 22 40 12 50 39 31 33 47 12 33 36 21 19 9 30 34 4 12 34 20 22 12 4 46 3 22 11 48 25 33 38 5 41 25 45 12 1 20 3 25 33 27 46 33 43 37 37 49 11 16 20 17 43 22 49 3 2 
50 40 22 25 45 21 16 17 27 31 17 39 30 30 2 11 42 27 15 17 49 36 44 47 49 32 13 4 45 12 37 27 33 30 41 37 23 26 43 19 10 4 40 16 5 50 28 11 30 48 24 40 1 24 26 45 39 24 15 23 15 22 14 22 37 44 5 4 7 45 9 41 25 25 37 43 50 25 44 44 50 16 36 8 37 42 19 14 15 15 11 43 25 13 10 22 12 3 24 9 
37 21 41 38 23 35 26 25 14 50 29 39 15 3 10 30 13 47 38 25 35 15 2 40 1 26 41 5 21 21 6 47 40 47 39 47 3 49 37 12 24 45 31 39 21 47 19 10 12 50 9 32 34 15 40 49 5 40 50 20 23 15 27 41 49 39 18 45 49 3 8 26 37 39 21 36 48 2 44 28 39 3 16 35 35 50 37 5 3 1 10 41 1 20 1 20 1 27 45 37 
5 10 4 2 1 34 8 16 34 49 10 35 9 50 37 4 11 6 28 45 46 36 23 48 17 31 11 5 39 13 20 40 3 8 33 10 48 33 19 34 2 18 43 25 49 36 27 44 17 18 48 46 48 43 29 11 44 39 7 3 33 44 28 40 20 2 47 41 12 16 18 13 40 19 35 1 35 49 7 19 38 25 2 25 47 11 12 45 42 9 30 49 17 22 39 3 33 50 2 23 
12 23 11 14 42 36 26 23 9 18 5 35 10 12 31 8 3 3 19 20 1 35 7 1 22 14 50 5 19 24 42 32 31 35 39 13 38 43 24 41 39 45 1 24 40 44 43 42 45 8 48 21 23 49 13 17 31 27 26 22 42 19 44 23 1 13 1 25 9 26 29 44 45 10 44 11 15 16 42 31 38 46 27 24 33 21 28 8 41 15 34 44 44 28 25 29 1 18 5 25 
35 49 4 28 46 37 3 40 5 3 1 26 49 34 31 14 44 27 44 5 34 47 44 43 35 29 14 13 19 29 22 14 8 44 1 26 9 22 17 1 4 41 22 33 38 48 38 23 50 45 34 13 2 2 39 2 9 30 34 32 18 14 26 20 34 23 11 13 35 4 40 32 48 18 36 6 22 42 31 23 45 14 4 6 16 31 36 22 48 10 2 28 12 49 26 13 48 30 50 16 
42 47 40 46 36 21 4 35 24 44 24 10 17 20 26 28 39 35 23 35 43 47 38 34 11 14 42 15 1 2 27 41 15 44 45 23 19 47 25 38 42 3 10 25 7 26 19 20 22 8 8 5 40 8 49 5 46 41 43 5 23 39 25 19 24 50 35 1 20 49 10 2 7 21 28 8 5 33 48 13 37 36 6 5 48 41 10 41 44 13 7 44 34 41 29 19 20 19 46 7 
11 34 31 18 43 7 34 24 19 10 17 47 30 43 38 34 22 16 30 40 29 12 19 22 4 46 24 25 45 23 16 42 29 6 22 18 29 26 5 49 20 43 40 21 2 3 47 18 24 37 4 37 20 40 17 25 25 28 9 39 43 45 39 20 36 42 11 13 12 9 43 7 3 34 30 39 18 36 4 2 19 13 19 29 24 44 6 45 6 24 15 10 42 29 27 27 2 43 39 5 
37 19 37 34 11 45 50 2 36 2 46 38 19 44 1 34 8 42 42 35 5 40 37 15 35 31 32 42 13 44 4 36 9 5 33 25 49 26 18 13 42 17 39 30 45 39 22 35 8 47 47 48 23 15 37 16 16 26 39 35 43 50 1 22 34 16 9 22 19 40 1 34 26 10 43 6 26 18 22 14 32 17 43 45 45 13 13 33 1 11 16 47 21 35 19 8 25 4 13 40 
19 3 43 36 24 22 15 8 33 2 47 3 31 3 26 1 38 45 22 44 34 1 9 40 6 18 9 22 45 28 36 6 27 36 6 29 18 34 32 21 26 38 25 7 45 11 28 27 25 34 3 39 7 13 33 27 16 40 35 11 29 45 46 31 1 18 49 32 37 16 27 48 19 29 47 32 11 33 50 43 9 11 42 6 28 4 30 2 49 37 12 30 42 3 43 26 29 13 35 38 
8 49 8 29 34 11 40 2 47 14 19 49 34 37 41 38 17 39 17 9 46 28 4 18 44 45 50 34 39 31 45 26 26 5 38 45 36 8 14 31 1 46 46 40 34 1 28 45 49 43 11 42 49 30 4 42 28 49 24 27 26 42 34 10 37 13 43 9 17 32 27 3 11 9 41 5 20 37 4 41 41 7 40 17 6 2 50 36 12 3 24 4 11 5 13 38 42 35 35 32 
10 47 19 21 43 34 50 49 46 28 23 19 5 19 8 13 45 5 10 11 4 42 7 16 41 15 35 4 31 5 33 50 34 20 4 44 22 5 45 17 24 27 7 29 11 15 20 2 28 22 3 40 11 34 38 23 39 23 23 30 24 33 14 34 19 30 35 45 46 10 15 46 15 1 38 48 40 1 11 17 3 9 12 19 46 11 7 2 1 42 24 14 49 19 31 45 16 22 36 10 
4 22 44 18 48 13 23 22 22 4 30 6 28 32 27 41 11 46 7 49 34 33 6 34 33 50 1 5 23 43 6 14 33 38 25 8 40 35 3 17 24 49 28 6 35 10 25 1 45 44 6 5 21 5 29 34 20 41 21 37 34 31 31 44 22 13 21 19 50 23 43 4 36 24 15 1 23 49 32 42 6 18 19 1 41 16 26 25 30 16 13 32 6 47 11 48 26 5 17 44 
39 9 28 16 31 44 21 27 20 47 3 23 14 14 19 28 50 43 32 19 39 10 49 30 49 43 18 19 23 43 49 12 49 37 8 30 3 7 15 48 19 30 42 50 36 25 12 38 11 19 24 24 29 39 49 34 12 47 29 3 4 3 37 18 20 25 5 31 31 11 7 41 10 33 41 44 46 34 49 18 35 22 22 22 8 16 48 41 32 32 32 16 15 6 15 7 26 49 8 15 
5 7 50 4 19 15 40 28 7 17 3 26 7 17 36 30 31 4 19 24 48 20 43 30 31 50 48 11 25 46 40 40 42 24 43 11 50 1 13 2 15 8 38 8 16 9 14 41 47 13 19 7 8 35 38 49 31 41 10 19 3 32 34 23 14 35 50 44 11 49 44 46 28 44 11 23 23 30 30 46 19 35 40 27 34 43 22 6 22 23 2 19 11 29 28 12 42 35 16 1 
2 43 34 42 21 1 39 11 3 40 15 30 25 44 38 4 18 47 37 48 2 27 33 41 2 40 35 39 3 2 2 4 4 29 45 11 25 44 28 20 49 34 50 13 15 12 34 3 31 34 24 43 13 18 1 40 10 7 32 14 5 14 12 25 12 18 2 20 1 50 26 12 49 10 19 33 15 11 48 1 26 6 25 45 39 31 16 19 18 37 22 46 41 31 42 10 15 40 42 8 
39 34 29 23 34 43 10 2 31 50 42 48 39 47 17 25 1 46 36 14 37 30 24 35 25 20 34 50 36 47 39 15 23 3 20 26 28 41 38 23 32 27 21 16 5 18 28 25 43 49 33 38 24 40 36 48 8 49 21 10 33 30 49 41 50 9 36 45 28 26 44 24 48 34 43 6 2 48 43 48 29 3 43 37 31 27 27 45 12 18 21 25 24 49 23 18 22 31 38 30 
8 7 3 34 13 2 19 41 24 9 23 9 48 4 38 5 3 3 24 23 27 41 30 13 15 30 4 23 45 10 36 36 26 46 43 25 8 40 10 36 30 19 11 4 42 18 24 42 39 12 14 2 9 27 4 43 1 25 26 6 27 48 3 42 13 16 15 29 44 12 7 32 6 20 47 33 2 15 7 48 7 24 1 27 17 37 25 11 44 11 4 17 23 29 7 25 38 49 19 20 
30 21 50 3 19 11 10 7 43 17 36 6 39 4 44 18 37 38 22 23 1 40 29 45 45 13 11 40 42 32 28 22 19 36 25 40 38 13 36 49 24 15 34 29 38 16 39 24 12 33 5 27 45 34 14 10 34 23 35 11 8 32 48 50 5 11 26 47 42 24 30 49 5 11 6 15 41 22 8 32 3 15 7 17 18 12 19 19 32 45 8 37 42 43 34 4 10 18 21 23 
44 20 44 42 2 23 22 31 49 12 12 26 18 16 11 11 9 35 8 17 7 41 36 47 10 42 28 25 20 32 44 25 34 26 40 48 30 50 29 24 29 44 7 19 21 19 10 44 41 27 32 7 38 13 11 26 6 22 46 50 34 30 29 10 6 41 3 50 36 11 38 40 8 28 12 22 6 35 28 32 24 22 35 32 11 24 7 2 1 30 15 4 45 48 4 46 15 21 6 16 
11 29 38 23 39 43 23 21 25 22 34 9 11 50 1 40 30 50 35 28 18 25 42 26 16 44 39 36 50 26 41 24 27 34 4 9 14 13 3 24 40 41 26 12 30 33 35 34 37 50 46 37 49 1 38 27 6 22 18 50 42 3 27 22 43 26 29 38 33 37 23 28 33 11 6 2 3 7 47 18 48 36 28 42 50 36 48 5 34 41 35 18 44 20 15 10 24 11 18 1 
45 10 20 47 40 34 7 16 23 17 35 8 6 23 29 36 32 2 43 1 48 30 48 33 26 41 11 5 10 37 30 31 33 39 13 31 18 33 10 3 42 18 5 44 10 35 37 47 50 30 45 17 33 28 25 19 50 19 27 50 28 40 33 24 10 37 20 11 16 36 10 27 46 33 39 28 49 28 43 27 12 13 44 35 35 11 33 36 10 41 7 34 32 39 47 38 49 21 50 33 
23 41 10 49 38 40 4 29 18 29 42 22 14 33 6 32 37 4 17 29 14 26 40 45 2 14 20 21 39 44 23 34 24 21 15 33 47 1 27 38 50 34 23 28 37 30 20 7 29 36 9 26 10 49 23 34 49 42 3 33 33 8 40 40 29 16 49 50 11 13 42 6 44 45 19 9 21 31 28 18 29 25 11 41 16 13 40 20 11 8 12 11 5 15 17 18 23 30 17 45 
7 46 32 33 3 36 49 27 42 12 9 39 49 38 42 15 33 33 9 15 39 1 5 27 27 20 12 49 47 6 23 38 37 16 8 18 1 38 21 8 12 16 28 14 23 36 17 21 46 34 13 19 32 4 31 19 4 34 45 46 30 27 50 4 19 34 29 48 11 22 19 13 32 32 28 24 2 32 24 18 17 41 26 34 1 15 22 48 31 2 2 35 10 15 42 15 2 48 35 2 
5 17 5 36 14 20 46 19 46 12 45 37 19 3 25 8 25 42 31 34 8 2 37 32 6 21 50 44 48 14 30 9 40 20 34 28 10 33 14 10 38 27 46 18 8 39 43 7 33 12 50 18 6 7 14 43 19 39 15 31 17 27 13 7 22 28 13 49 41 37 38 19 7 35 28 43 19 34 15 5 36 41 40 50 31 35 22 12 25 36 16 12 1 27 36 13 24 45 46 20 
1 4 44 17 29 31 12 13 32 28 10 50 14 50 7 37 44 16 39 29 45 14 7 7 15 9 1 12 27 45 21 12 33 48 37 37 43 3 32 15 10 44 25 18 50 37 14 14 4 39 25 43 21 44 40 18 21 26 39 30 19 45 17 3 36 39 41 7 32 38 18 45 20 39 34 44 6 27 45 31 24 47 22 6 4 45 47 26 37 25 22 29 36 15 31 49 24 34 28 44 
36 20 46 10 30 9 28 11 15 22 26 10 34 34 49 32 2 6 1 9 6 49 31 50 19 26 43 16 31 3 29 4 8 21 22 4 6 18 18 30 43 19 50 4 27 13 39 5 24 26 49 12 4 31 14 6 9 47 22 6 3 33 48 2 35 15 47 28 24 34 28 28 18 17 40 43 32 15 8 5 23 14 42 46 34 19 35 21 40 46 32 14 23 27 13 42 37 11 31 50 
3 15 48 3 16 35 21 5 35 26 10 36 31 3 30 41 21 7 14 3 15 28 13 5 5 33 9 6 29 4 42 25 3 49 41 27 27 22 14 42 22 46 7 19 36 20 46 16 3 1 46 7 49 42 35 22 17 20 7 46 41 35 3 14 28 5 7 45 29 9 36 4 35 42 12 36 25 28 5 7 46 42 45 10 41 32 24 28 10 42 38 1 2 16 10 38 4 23 32 47 
10 37 39 11 17 26 39 43 12 35 4 20 7 13 25 31 24 5 39 5 24 7 15 12 41 15 10 2 47 45 16 44 4 17 47 26 36 16 38 32 9 42 37 41 20 17 19 43 50 45 36 18 11 36 4 12 22 17 25 46 21 10 32 32 43 7 31 13 15 14 11 24 29 11 30 34 3 16 5 12 19 9 23 39 14 11 48 6 35 4 10 17 8 16 1 34 20 29 6 26 
23 5 11 22 7 5 24 43 18 18 39 17 26 25 23 48 41 26 6 7 2 37 31 34 18 45 29 40 20 18 4 48 6 6 7 15 42 33 35 6 4 48 25 14 15 36 45 42 23 11 38 4 22 37 25 15 50 29 26 37 36 50 28 15 25 4 40 17 2 2 36 28 15 35 48 21 30 39 11 44 6 41 5 13 15 32 40 47 3 23 37 5 19 43 23 14 44 9 31 37 
5 43 25 35 19 31 49 15 15 45 43 11 19 36 45 7 50 41 48 30 45 50 46 12 17 23 45 2 47 8 43 23 25 7 23 3 20 29 30 47 1 49 38 30 23 47 27 32 43 20 14 18 43 22 18 49 40 3 7 25 10 39 37 42 29 6 30 22 40 16 4 46 24 48 2 26 48 40 38 23 5 4 38 25 50 28 37 8 9 22 48 21 32 50 17 31 48 11 27 18 
13 37 28 42 35 44 6 15 29 13 10 9 12 14 45 9 50 49 11 46 7 34 30 28 27 2 31 3 18 8 34 13 6 16 11 8 4 22 27 31 2 21 11 49 8 33 44 45 46 47 41 6 31 28 10 39 30 49 34 5 31 44 44 36 44 39 13 1 30 32 16 50 44 41 48 43 43 4 41 38 15 48 10 36 41 25 26 23 24 48 32 21 21 22 25 45 6 41 22 42 
28 25 11 38 8 2 10 36 40 47 2 42 29 20 44 27 15 25 29 40 32 5 30 49 44 37 27 44 40 5 46 3 21 25 7 44 6 36 3 29 39 27 30 38 1 21 5 29 1 48 34 1 27 47 30 39 3 15 30 34 8 4 27 13 17 24 8 1 10 42 7 14 24 48 13 13 43 33 40 29 19 47 45 6 24 21 39 8 33 1 5 35 17 50 48 13 27 28 31 15 
22 2 13 47 27 43 44 49 16 22 26 40 6 19 10 26 19 13 20 38 9 12 5 19 42 34 31 37 25 33 13 24 50 19 32 12 43 23 27 7 15 45 9 21 39 38 49 3 49 29 30 23 9 50 24 3 28 14 28 40 37 16 41 49 23 49 12 41 7 3 36 43 44 7 19 21 17 2 28 50 25 31 17 32 23 9 20 10 5 17 1 33 15 42 18 24 2 2 30 44 
6 10 49 18 5 34 32 11 39 26 12 18 38 10 34 11 12 22 8 44 41 48 7 25 47 33 38 36 15 41 42 37 7 10 40 17 39 2 12 14 37 44 24 17 10 8 28 48 25 14 50 39 48 37 32 34 18 13 17 5 22 28 33 16 50 38 46 10 29 46 41 2 22 22 10 46 43 6 29 17 9 19 36 1 39 21 2 15 40 2 22 24 37 10 22 28 33 17 31 10 
2 17 15 37 13 50 33 46 48 29 17 32 30 44 30 34 33 30 33 47 13 11 14 48 37 9 11 39 25 12 8 17 28 5 5 37 35 13 24 45 19 23 19 5 48 39 37 8 24 4 37 3 31 18 25 38 14 36 33 9 41 6 8 19 48 16 2 36 20 4 4 11 8 17 15 40 40 7 26 24 11 11 47 15 9 26 50 22 34 47 40 5 39 30 28 31 16 12 24 34 
7 10 23 7 26 28 20 19 28 30 32 4 29 36 1 13 4 31 17 21 48 12 47 8 5 47 43 37 24 29 2 30 46 27 5 44 42 14 17 8 23 23 21 31 34 16 14 49 46 25 43 46 7 17 11 35 23 27 35 36 23 45 9 35 28 23 12 38 5 9 17 14 27 2 15 20 47 6 45 30 21 15 31 14 40 38 8 8 38 12 16 43 8 38 28 19 40 7 15 13 
29 50 23 33 44 23 8 9 16 40 48 28 42 24 6 14 4 9 13 3 33 36 25 24 27 45 45 16 13 28 45 22 24 9 31 4 9 21 15 37 11 43 29 36 44 26 37 3 7 31 8 12 49 26 16 39 42 36 39 21 42 9 10 12 7 42 42 16 32 16 25 44 39 50 32 41 29 44 28 30 15 12 34 34 26 25 16 26 38 21 42 38 14 11 50 47 33 16 49 26 
45 26 13 43 11 10 15 12 28 33 39 22 13 16 26 16 8 8 29 23 39 21 37 43 47 11 12 45 49 29 48 42 40 12 41 42 48 17 23 28 1 42 45 12 33 4 25 23 29 50 48 20 35 50 27 48 13 43 39 9 27 48 43 35 44 27 43 36 45 46 38 28 4 19 25 50 6 1 34 13 21 18 10 36 22 32 7 41 38 38 3 42 33 42 40 32 25 2 49 23 
4 23 37 50 23 25 29 6 24 27 15 27 33 14 46 37 8 18 3 29 11 34 2 42 2 42 45 50 2 25 40 13 34 7 46 4 4 16 46 16 2 29 19 21 19 4 15 50 43 38 20 28 35 47 42 17 44 4 42 23 41 20 41 23 45 30 25 34 26 43 2 42 39 25 47 11 46 15 22 49 44 2 20 20 11 24 46 7 50 26 3 37 49 35 14 10 49 20 49 19 
18 10 7 16 29 38 32 21 4 6 25 13 6 8 15 49 45 6 38 37 33 27 7 21 46 31 49 1 43 12 12 47 46 21 9 38 49 34 4 25 11 37 27 26 47 16 37 23 18 7 7 2 5 28 42 48 30 8 6 32 21 34 6 44 11 1 3 50 8 22 3 17 37 17 42 44 13 44 49 47 43 13 35 7 35 37 13 5 3 19 28 40 49 33 48 23 40 2 36 3 
35 40 31 1 23 23 26 18 20 3 24 35 17 15 23 22 26 25 18 7 26 22 34 27 1 36 48 34 16 28 22 13 27 26 9 3 38 22 5 14 31 6 4 32 4 24 37 32 46 41 13 41 27 3 1 24 40 31 4 1 24 6 16 29 7 1 28 8 17 18 32 21 13 39 19 35 21 7 20 20 19 12 33 35 25 39 43 6 19 44 22 35 41 1 44 38 45 20 46 4 
36 6 29 10 49 43 13 17 10 41 45 25 43 11 40 31 22 31 46 47 6 2 4 3 50 46 8 35 15 19 28 7 24 20 47 8 40 14 43 31 47 24 32 14 39 29 11 46 33 27 49 2 44 14 8 42 2 22 20 18 40 36 35 2 30 13 35 45 36 48 31 28 2 16 17 39 16 27 23 18 39 17 18 10 49 10 46 25 49 19 17 9 13 26 26 31 49 50 6 26 
4 49 33 50 15 29 34 40 4 36 35 25 1 18 9 7 8 50 13 26 38 30 1 26 17 20 14 38 1 2 25 35 35 13 23 31 14 24 41 50 31 41 42 35 39 47 17 36 18 12 8 39 6 49 7 13 26 9 20 27 33 13 23 33 43 23 38 20 22 50 19 32 31 46 10 3 35 22 35 18 40 16 16 20 21 43 12 1 32 43 47 17 18 18 11 3 36 19 5 38 
42 10 39 34 5 49 50 24 19 48 45 46 48 6 5 38 25 44 21 11 39 22 19 22 48 3 9 49 29 38 45 40 50 12 50 12 27 48 19 42 23 11 19 26 21 30 6 11 30 35 49 50 8 20 4 20 32 21 10 32 23 25 45 19 9 18 29 47 4 3 40 31 30 31 44 31 37 42 23 10 44 3 24 7 28 45 12 28 13 25 31 13 21 37 45 14 33 28 39 41 
32 46 46 49 23 7 20 47 23 17 45 47 35 16 21 42 38 48 5 6 37 43 45 34 38 7 16 32 23 38 35 30 13 24 12 23 27 40 23 20 9 50 48 39 13 23 16 25 9 1 8 43 47 2 37 20 38 4 33 43 4 47 27 20 38 7 2 28 50 34 40 43 7 29 5 44 47 29 45 26 18 1 10 34 27 18 43 21 9 29 16 45 36 24 45 15 43 34 5 3 
37 25 12 27 37 2 35 18 30 24 20 7 35 33 20 50 8 22 13 6 14 20 37 17 28 35 44 13 10 26 13 24 22 43 14 45 24 33 16 46 26 49 23 6 17 20 23 18 24 31 6 48 43 23 16 38 15 15 25 27 10 40 43 29 21 3 14 47 20 17 38 22 39 3 41 26 48 41 12 43 48 4 8 48 19 26 27 9 46 35 32 28 24 37 12 1 25 34 16 31 
50 14 40 40 33 7 27 9 12 3 4 45 17 50 47 5 12 36 42 13 46 4 23 22 20 29 3 13 13 35 29 45 48 36 35 11 30 4 41 38 13 25 28 1 22 28 43 39 14 47 23 19 13 10 22 48 10 14 38 41 23 8 33 17 33 9 14 5 10 30 46 48 27 25 29 19 43 22 4 5 26 4 32 7 17 29 45 10 39 36 3 50 29 48 45 48 29 17 32 19 
9 15 18 48 2 40 10 42 34 16 24 37 39 9 23 46 39 23 21 20 22 40 11 20 45 26 26 28 21 19 36 49 49 16 31 43 47 42 8 18 31 30 37 48 47 38 26 28 18 41 36 24 45 35 17 50 31 32 2 49 33 14 40 49 8 21 7 34 28 46 23 6 35 31 12 50 45 42 38 20 49 22 11 23 30 41 22 11 46 11 20 38 10 25 42 28 23 11 45 21 
13 14 30 26 45 11 5 11 14 6 49 18 9 16 10 45 4 11 20 30 49 26 8 3 44 36 4 2 5 4 40 38 48 29 37 3 32 45 23 37 20 34 42 36 33 24 40 39 9 41 50 47 41 32 36 49 32 40 47 19 34 46 19 11 24 23 16 5 29 49 20 39 45 14 5 49 31 9 17 18 36 12 21 46 31 33 22 29 29 9 14 32 2 8 25 31 4 36 15 45 
